#Accelerometer
accelerometer_noise_density: 0.0013751161376373432 
accelerometer_random_walk: 3.440947991573692e-05 

#Gyroscope
gyroscope_noise_density: 0.0005624170823782376 
gyroscope_random_walk: 2.442510923368982e-06 

rostopic: '/sensors/imu' #Make sure this is correct
update_rate: 100.0 #Make sure this is correct

